version https://git-lfs.github.com/spec/v1
oid sha256:722918fc92255401a08e60368d73fdb329524a2e4b76301bf14b576f4c40fb3c
size 99152543
